32
1 129 3 10000 1000000000 0.13
2 130 3 10001 1000000000 0.13
3 131 3 10002 1000000000 0.13
4 132 3 10003 1000000000 0.13
5 133 3 10004 1000000000 0.13
6 134 3 10005 1000000000 0.13
7 135 3 10006 1000000000 0.13
8 136 3 10007 1000000000 0.13
9 137 3 10008 1000000000 0.13
10 138 3 10009 1000000000 0.13
11 139 3 10010 1000000000 0.13
12 140 3 10011 1000000000 0.13
13 141 3 10012 1000000000 0.13
14 142 3 10013 1000000000 0.13
15 143 3 10014 1000000000 0.13
16 144 3 10015 1000000000 0.13
17 145 3 10016 1000000000 0.13
18 146 3 10017 1000000000 0.13
19 147 3 10018 1000000000 0.13
20 148 3 10019 1000000000 0.13
21 149 3 10020 1000000000 0.13
22 150 3 10021 1000000000 0.13
23 151 3 10022 1000000000 0.13
24 152 3 10023 1000000000 0.13
25 153 3 10024 1000000000 0.13
26 154 3 10025 1000000000 0.13
27 155 3 10026 1000000000 0.13
28 156 3 10027 1000000000 0.13
29 157 3 10028 1000000000 0.13
30 158 3 10029 1000000000 0.13
31 159 3 10030 1000000000 0.13
32 160 3 10031 1000000000 0.13
