207 1 14 6 222
199 200 201 202 203 204 193 194 195 196 197 198 205 206
0 199 400000000000.0 1us 0
0 200 400000000000.0 1us 0
0 201 400000000000.0 1us 0
0 202 400000000000.0 1us 0
0 203 400000000000.0 1us 0
0 204 400000000000.0 1us 0
1 193 25000000000.0 1us 0
2 193 25000000000.0 1us 0
3 193 25000000000.0 1us 0
4 193 25000000000.0 1us 0
5 193 25000000000.0 1us 0
6 193 25000000000.0 1us 0
7 193 25000000000.0 1us 0
8 193 25000000000.0 1us 0
9 193 25000000000.0 1us 0
10 193 25000000000.0 1us 0
11 193 25000000000.0 1us 0
12 193 25000000000.0 1us 0
13 193 25000000000.0 1us 0
14 193 25000000000.0 1us 0
15 193 25000000000.0 1us 0
16 193 25000000000.0 1us 0
17 193 25000000000.0 1us 0
18 193 25000000000.0 1us 0
19 193 25000000000.0 1us 0
20 193 25000000000.0 1us 0
21 193 25000000000.0 1us 0
22 193 25000000000.0 1us 0
23 193 25000000000.0 1us 0
24 193 25000000000.0 1us 0
25 193 25000000000.0 1us 0
26 193 25000000000.0 1us 0
27 193 25000000000.0 1us 0
28 193 25000000000.0 1us 0
29 193 25000000000.0 1us 0
30 193 25000000000.0 1us 0
31 193 25000000000.0 1us 0
32 193 25000000000.0 1us 0
33 194 25000000000.0 1us 0
34 194 25000000000.0 1us 0
35 194 25000000000.0 1us 0
36 194 25000000000.0 1us 0
37 194 25000000000.0 1us 0
38 194 25000000000.0 1us 0
39 194 25000000000.0 1us 0
40 194 25000000000.0 1us 0
41 194 25000000000.0 1us 0
42 194 25000000000.0 1us 0
43 194 25000000000.0 1us 0
44 194 25000000000.0 1us 0
45 194 25000000000.0 1us 0
46 194 25000000000.0 1us 0
47 194 25000000000.0 1us 0
48 194 25000000000.0 1us 0
49 194 25000000000.0 1us 0
50 194 25000000000.0 1us 0
51 194 25000000000.0 1us 0
52 194 25000000000.0 1us 0
53 194 25000000000.0 1us 0
54 194 25000000000.0 1us 0
55 194 25000000000.0 1us 0
56 194 25000000000.0 1us 0
57 194 25000000000.0 1us 0
58 194 25000000000.0 1us 0
59 194 25000000000.0 1us 0
60 194 25000000000.0 1us 0
61 194 25000000000.0 1us 0
62 194 25000000000.0 1us 0
63 194 25000000000.0 1us 0
64 194 25000000000.0 1us 0
65 195 25000000000.0 1us 0
66 195 25000000000.0 1us 0
67 195 25000000000.0 1us 0
68 195 25000000000.0 1us 0
69 195 25000000000.0 1us 0
70 195 25000000000.0 1us 0
71 195 25000000000.0 1us 0
72 195 25000000000.0 1us 0
73 195 25000000000.0 1us 0
74 195 25000000000.0 1us 0
75 195 25000000000.0 1us 0
76 195 25000000000.0 1us 0
77 195 25000000000.0 1us 0
78 195 25000000000.0 1us 0
79 195 25000000000.0 1us 0
80 195 25000000000.0 1us 0
81 195 25000000000.0 1us 0
82 195 25000000000.0 1us 0
83 195 25000000000.0 1us 0
84 195 25000000000.0 1us 0
85 195 25000000000.0 1us 0
86 195 25000000000.0 1us 0
87 195 25000000000.0 1us 0
88 195 25000000000.0 1us 0
89 195 25000000000.0 1us 0
90 195 25000000000.0 1us 0
91 195 25000000000.0 1us 0
92 195 25000000000.0 1us 0
93 195 25000000000.0 1us 0
94 195 25000000000.0 1us 0
95 195 25000000000.0 1us 0
96 195 25000000000.0 1us 0
97 196 25000000000.0 1us 0
98 196 25000000000.0 1us 0
99 196 25000000000.0 1us 0
100 196 25000000000.0 1us 0
101 196 25000000000.0 1us 0
102 196 25000000000.0 1us 0
103 196 25000000000.0 1us 0
104 196 25000000000.0 1us 0
105 196 25000000000.0 1us 0
106 196 25000000000.0 1us 0
107 196 25000000000.0 1us 0
108 196 25000000000.0 1us 0
109 196 25000000000.0 1us 0
110 196 25000000000.0 1us 0
111 196 25000000000.0 1us 0
112 196 25000000000.0 1us 0
113 196 25000000000.0 1us 0
114 196 25000000000.0 1us 0
115 196 25000000000.0 1us 0
116 196 25000000000.0 1us 0
117 196 25000000000.0 1us 0
118 196 25000000000.0 1us 0
119 196 25000000000.0 1us 0
120 196 25000000000.0 1us 0
121 196 25000000000.0 1us 0
122 196 25000000000.0 1us 0
123 196 25000000000.0 1us 0
124 196 25000000000.0 1us 0
125 196 25000000000.0 1us 0
126 196 25000000000.0 1us 0
127 196 25000000000.0 1us 0
128 196 25000000000.0 1us 0
129 197 25000000000.0 1us 0
130 197 25000000000.0 1us 0
131 197 25000000000.0 1us 0
132 197 25000000000.0 1us 0
133 197 25000000000.0 1us 0
134 197 25000000000.0 1us 0
135 197 25000000000.0 1us 0
136 197 25000000000.0 1us 0
137 197 25000000000.0 1us 0
138 197 25000000000.0 1us 0
139 197 25000000000.0 1us 0
140 197 25000000000.0 1us 0
141 197 25000000000.0 1us 0
142 197 25000000000.0 1us 0
143 197 25000000000.0 1us 0
144 197 25000000000.0 1us 0
145 197 25000000000.0 1us 0
146 197 25000000000.0 1us 0
147 197 25000000000.0 1us 0
148 197 25000000000.0 1us 0
149 197 25000000000.0 1us 0
150 197 25000000000.0 1us 0
151 197 25000000000.0 1us 0
152 197 25000000000.0 1us 0
153 197 25000000000.0 1us 0
154 197 25000000000.0 1us 0
155 197 25000000000.0 1us 0
156 197 25000000000.0 1us 0
157 197 25000000000.0 1us 0
158 197 25000000000.0 1us 0
159 197 25000000000.0 1us 0
160 197 25000000000.0 1us 0
161 198 25000000000.0 1us 0
162 198 25000000000.0 1us 0
163 198 25000000000.0 1us 0
164 198 25000000000.0 1us 0
165 198 25000000000.0 1us 0
166 198 25000000000.0 1us 0
167 198 25000000000.0 1us 0
168 198 25000000000.0 1us 0
169 198 25000000000.0 1us 0
170 198 25000000000.0 1us 0
171 198 25000000000.0 1us 0
172 198 25000000000.0 1us 0
173 198 25000000000.0 1us 0
174 198 25000000000.0 1us 0
175 198 25000000000.0 1us 0
176 198 25000000000.0 1us 0
177 198 25000000000.0 1us 0
178 198 25000000000.0 1us 0
179 198 25000000000.0 1us 0
180 198 25000000000.0 1us 0
181 198 25000000000.0 1us 0
182 198 25000000000.0 1us 0
183 198 25000000000.0 1us 0
184 198 25000000000.0 1us 0
185 198 25000000000.0 1us 0
186 198 25000000000.0 1us 0
187 198 25000000000.0 1us 0
188 198 25000000000.0 1us 0
189 198 25000000000.0 1us 0
190 198 25000000000.0 1us 0
191 198 25000000000.0 1us 0
192 198 25000000000.0 1us 0
193 199 100000000000.0 1us 0
193 200 100000000000.0 1us 0
194 199 100000000000.0 1us 0
194 200 100000000000.0 1us 0
195 201 100000000000.0 1us 0
195 202 100000000000.0 1us 0
196 201 100000000000.0 1us 0
196 202 100000000000.0 1us 0
197 203 100000000000.0 1us 0
197 204 100000000000.0 1us 0
198 203 100000000000.0 1us 0
198 204 100000000000.0 1us 0
199 205 100000000000.0 1us 0
199 206 100000000000.0 1us 0
200 205 100000000000.0 1us 0
200 206 100000000000.0 1us 0
201 205 100000000000.0 1us 0
201 206 100000000000.0 1us 0
202 205 100000000000.0 1us 0
202 206 100000000000.0 1us 0
203 205 100000000000.0 1us 0
203 206 100000000000.0 1us 0
204 205 100000000000.0 1us 0
204 206 100000000000.0 1us 0