139 1 10 4 148
129 130 131 132 133 134 135 136 137 138
0 129 400000000000.0 1us 0
0 130 400000000000.0 1us 0
0 131 400000000000.0 1us 0
0 132 400000000000.0 1us 0
1 129 100000000000.0 1us 0
2 129 100000000000.0 1us 0
3 129 100000000000.0 1us 0
4 129 100000000000.0 1us 0
5 129 100000000000.0 1us 0
6 129 100000000000.0 1us 0
7 129 100000000000.0 1us 0
8 129 100000000000.0 1us 0
9 129 100000000000.0 1us 0
10 129 100000000000.0 1us 0
11 129 100000000000.0 1us 0
12 129 100000000000.0 1us 0
13 129 100000000000.0 1us 0
14 129 100000000000.0 1us 0
15 129 100000000000.0 1us 0
16 129 100000000000.0 1us 0
17 129 100000000000.0 1us 0
18 129 100000000000.0 1us 0
19 129 100000000000.0 1us 0
20 129 100000000000.0 1us 0
21 129 100000000000.0 1us 0
22 129 100000000000.0 1us 0
23 129 100000000000.0 1us 0
24 129 100000000000.0 1us 0
25 129 100000000000.0 1us 0
26 129 100000000000.0 1us 0
27 129 100000000000.0 1us 0
28 129 100000000000.0 1us 0
29 129 100000000000.0 1us 0
30 129 100000000000.0 1us 0
31 129 100000000000.0 1us 0
32 129 100000000000.0 1us 0
33 130 100000000000.0 1us 0
34 130 100000000000.0 1us 0
35 130 100000000000.0 1us 0
36 130 100000000000.0 1us 0
37 130 100000000000.0 1us 0
38 130 100000000000.0 1us 0
39 130 100000000000.0 1us 0
40 130 100000000000.0 1us 0
41 130 100000000000.0 1us 0
42 130 100000000000.0 1us 0
43 130 100000000000.0 1us 0
44 130 100000000000.0 1us 0
45 130 100000000000.0 1us 0
46 130 100000000000.0 1us 0
47 130 100000000000.0 1us 0
48 130 100000000000.0 1us 0
49 130 100000000000.0 1us 0
50 130 100000000000.0 1us 0
51 130 100000000000.0 1us 0
52 130 100000000000.0 1us 0
53 130 100000000000.0 1us 0
54 130 100000000000.0 1us 0
55 130 100000000000.0 1us 0
56 130 100000000000.0 1us 0
57 130 100000000000.0 1us 0
58 130 100000000000.0 1us 0
59 130 100000000000.0 1us 0
60 130 100000000000.0 1us 0
61 130 100000000000.0 1us 0
62 130 100000000000.0 1us 0
63 130 100000000000.0 1us 0
64 130 100000000000.0 1us 0
65 131 100000000000.0 1us 0
66 131 100000000000.0 1us 0
67 131 100000000000.0 1us 0
68 131 100000000000.0 1us 0
69 131 100000000000.0 1us 0
70 131 100000000000.0 1us 0
71 131 100000000000.0 1us 0
72 131 100000000000.0 1us 0
73 131 100000000000.0 1us 0
74 131 100000000000.0 1us 0
75 131 100000000000.0 1us 0
76 131 100000000000.0 1us 0
77 131 100000000000.0 1us 0
78 131 100000000000.0 1us 0
79 131 100000000000.0 1us 0
80 131 100000000000.0 1us 0
81 131 100000000000.0 1us 0
82 131 100000000000.0 1us 0
83 131 100000000000.0 1us 0
84 131 100000000000.0 1us 0
85 131 100000000000.0 1us 0
86 131 100000000000.0 1us 0
87 131 100000000000.0 1us 0
88 131 100000000000.0 1us 0
89 131 100000000000.0 1us 0
90 131 100000000000.0 1us 0
91 131 100000000000.0 1us 0
92 131 100000000000.0 1us 0
93 131 100000000000.0 1us 0
94 131 100000000000.0 1us 0
95 131 100000000000.0 1us 0
96 131 100000000000.0 1us 0
97 132 100000000000.0 1us 0
98 132 100000000000.0 1us 0
99 132 100000000000.0 1us 0
100 132 100000000000.0 1us 0
101 132 100000000000.0 1us 0
102 132 100000000000.0 1us 0
103 132 100000000000.0 1us 0
104 132 100000000000.0 1us 0
105 132 100000000000.0 1us 0
106 132 100000000000.0 1us 0
107 132 100000000000.0 1us 0
108 132 100000000000.0 1us 0
109 132 100000000000.0 1us 0
110 132 100000000000.0 1us 0
111 132 100000000000.0 1us 0
112 132 100000000000.0 1us 0
113 132 100000000000.0 1us 0
114 132 100000000000.0 1us 0
115 132 100000000000.0 1us 0
116 132 100000000000.0 1us 0
117 132 100000000000.0 1us 0
118 132 100000000000.0 1us 0
119 132 100000000000.0 1us 0
120 132 100000000000.0 1us 0
121 132 100000000000.0 1us 0
122 132 100000000000.0 1us 0
123 132 100000000000.0 1us 0
124 132 100000000000.0 1us 0
125 132 100000000000.0 1us 0
126 132 100000000000.0 1us 0
127 132 100000000000.0 1us 0
128 132 100000000000.0 1us 0
129 133 100000000000.0 1us 0
129 134 100000000000.0 1us 0
130 133 100000000000.0 1us 0
130 134 100000000000.0 1us 0
131 135 100000000000.0 1us 0
131 136 100000000000.0 1us 0
132 135 100000000000.0 1us 0
132 136 100000000000.0 1us 0
133 137 100000000000.0 5us 0
133 138 100000000000.0 5us 0
134 137 100000000000.0 5us 0
134 138 100000000000.0 5us 0
135 137 100000000000.0 5us 0
135 138 100000000000.0 5us 0
136 137 100000000000.0 5us 0
136 138 100000000000.0 5us 0