138 10 4 144
128 129 130 131 132 133 134 135 136 137 
0 128 400000000000.0 1us 0
1 128 400000000000.0 1us 0
2 128 400000000000.0 1us 0
3 128 400000000000.0 1us 0
4 128 400000000000.0 1us 0
5 128 400000000000.0 1us 0
6 128 400000000000.0 1us 0
7 128 400000000000.0 1us 0
8 128 400000000000.0 1us 0
9 128 400000000000.0 1us 0
10 128 400000000000.0 1us 0
11 128 400000000000.0 1us 0
12 128 400000000000.0 1us 0
13 128 400000000000.0 1us 0
14 128 400000000000.0 1us 0
15 128 400000000000.0 1us 0
16 128 400000000000.0 1us 0
17 128 400000000000.0 1us 0
18 128 400000000000.0 1us 0
19 128 400000000000.0 1us 0
20 128 400000000000.0 1us 0
21 128 400000000000.0 1us 0
22 128 400000000000.0 1us 0
23 128 400000000000.0 1us 0
24 128 400000000000.0 1us 0
25 128 400000000000.0 1us 0
26 128 400000000000.0 1us 0
27 128 400000000000.0 1us 0
28 128 400000000000.0 1us 0
29 128 400000000000.0 1us 0
30 128 400000000000.0 1us 0
31 128 400000000000.0 1us 0
32 129 400000000000.0 1us 0
33 129 400000000000.0 1us 0
34 129 400000000000.0 1us 0
35 129 400000000000.0 1us 0
36 129 400000000000.0 1us 0
37 129 400000000000.0 1us 0
38 129 400000000000.0 1us 0
39 129 400000000000.0 1us 0
40 129 400000000000.0 1us 0
41 129 400000000000.0 1us 0
42 129 400000000000.0 1us 0
43 129 400000000000.0 1us 0
44 129 400000000000.0 1us 0
45 129 400000000000.0 1us 0
46 129 400000000000.0 1us 0
47 129 400000000000.0 1us 0
48 129 400000000000.0 1us 0
49 129 400000000000.0 1us 0
50 129 400000000000.0 1us 0
51 129 400000000000.0 1us 0
52 129 400000000000.0 1us 0
53 129 400000000000.0 1us 0
54 129 400000000000.0 1us 0
55 129 400000000000.0 1us 0
56 129 400000000000.0 1us 0
57 129 400000000000.0 1us 0
58 129 400000000000.0 1us 0
59 129 400000000000.0 1us 0
60 129 400000000000.0 1us 0
61 129 400000000000.0 1us 0
62 129 400000000000.0 1us 0
63 129 400000000000.0 1us 0
64 130 400000000000.0 1us 0
65 130 400000000000.0 1us 0
66 130 400000000000.0 1us 0
67 130 400000000000.0 1us 0
68 130 400000000000.0 1us 0
69 130 400000000000.0 1us 0
70 130 400000000000.0 1us 0
71 130 400000000000.0 1us 0
72 130 400000000000.0 1us 0
73 130 400000000000.0 1us 0
74 130 400000000000.0 1us 0
75 130 400000000000.0 1us 0
76 130 400000000000.0 1us 0
77 130 400000000000.0 1us 0
78 130 400000000000.0 1us 0
79 130 400000000000.0 1us 0
80 130 400000000000.0 1us 0
81 130 400000000000.0 1us 0
82 130 400000000000.0 1us 0
83 130 400000000000.0 1us 0
84 130 400000000000.0 1us 0
85 130 400000000000.0 1us 0
86 130 400000000000.0 1us 0
87 130 400000000000.0 1us 0
88 130 400000000000.0 1us 0
89 130 400000000000.0 1us 0
90 130 400000000000.0 1us 0
91 130 400000000000.0 1us 0
92 130 400000000000.0 1us 0
93 130 400000000000.0 1us 0
94 130 400000000000.0 1us 0
95 130 400000000000.0 1us 0
96 131 400000000000.0 1us 0
97 131 400000000000.0 1us 0
98 131 400000000000.0 1us 0
99 131 400000000000.0 1us 0
100 131 400000000000.0 1us 0
101 131 400000000000.0 1us 0
102 131 400000000000.0 1us 0
103 131 400000000000.0 1us 0
104 131 400000000000.0 1us 0
105 131 400000000000.0 1us 0
106 131 400000000000.0 1us 0
107 131 400000000000.0 1us 0
108 131 400000000000.0 1us 0
109 131 400000000000.0 1us 0
110 131 400000000000.0 1us 0
111 131 400000000000.0 1us 0
112 131 400000000000.0 1us 0
113 131 400000000000.0 1us 0
114 131 400000000000.0 1us 0
115 131 400000000000.0 1us 0
116 131 400000000000.0 1us 0
117 131 400000000000.0 1us 0
118 131 400000000000.0 1us 0
119 131 400000000000.0 1us 0
120 131 400000000000.0 1us 0
121 131 400000000000.0 1us 0
122 131 400000000000.0 1us 0
123 131 400000000000.0 1us 0
124 131 400000000000.0 1us 0
125 131 400000000000.0 1us 0
126 131 400000000000.0 1us 0
127 131 400000000000.0 1us 0
128 132 100000000000.0 1us 0
128 133 100000000000.0 1us 0
129 132 100000000000.0 1us 0
129 133 100000000000.0 1us 0
130 134 100000000000.0 1us 0
130 135 100000000000.0 1us 0
131 134 100000000000.0 1us 0
131 135 100000000000.0 1us 0
132 136 100000000000.0 5us 0
132 137 100000000000.0 5us 0
133 136 100000000000.0 5us 0
133 137 100000000000.0 5us 0
134 136 100000000000.0 5us 0
134 137 100000000000.0 5us 0
135 136 100000000000.0 5us 0
135 137 100000000000.0 5us 0
